Without Variable chooser
    objective: 56843
    best_bound: 56843
    booleans: 24211
    conflicts: 49
    branches: 2053
    propagations: 7443275
    integer_propagations: 2859637
    restarts: 725
    lp_iterations: 0
    walltime: 14.3693
    usertime: 14.3693
    deterministic_time: 2.20303
    gap_integral: 2.12303


